
5745870
5746748
5748338
5748564
5748618
5748964
5749972
5750423
5751316
5751363
5751399
5751622
5751818
5752084
5752184
5752197
5752252
5752676
5752778
5752924
5753060
5753169
5753261
5753270
5753502
5753682
5753692
5753846
5753849
5754120
5754296
5754297
5754305
5754661
5754668
5754835
5756240
5756252
5756368
5756535
5756763
5756765
5756844
5756869
5756918
5757046
5757756
5757765
5757805
5758064
5758152
5758259
5758309
5758394
5758423
5758432
5758584
5758708
5758749
5758952
5759008
5759212
5759481
5759664
5759691
5759876
5760308
5760423
5760470
5760501
5760509
5760572
5760730
5761037
5761142
5761173
5761262
5761717
5761793
5762018
5762042
5762085
5762097
5762367
5762372
5762627
5762638
5762819
5762849
5763108
5763634
5763656
5763657
5763658
5763796
5763953
5764023
5764259
5764277
5764388
5764475
5764487
5765023
5765064
5765075
5765342
5765484
5765502
5765554
5765882
5765975
5765976
5765984
5765985
5766112
5766270
5766278
5766432
5766587
5766620
5766622
5766734
5766799
5766802
5766833
5767093
5767202
5767247
5767272
5767445
5767464
5767478
5767536
5767538
5767597
5767638
5767676
5767862
5767886
5767887
5767908
5767943
5767946
5767996
5767998
5768082
5768268
5768324
5768326
5768328
5768329
5768363
5768400
5768461
5768462
5768472
5768547
5768702
5768745
5768783
5768925
5769061
5769063
5769082
5769086
5769116
5769266
5769416
5769417
5769772
5769812
5770043
5770124
5770321
5770327
5770357
5770502
5770665
5770671
5770714
5770757
5770973
5771186
5771230
5771291
5771296
5771298
5771300
5771431
5771498
5771553
5771612
5771615
5771616
5771635
5771720
5771754
5771756
5771912
5772230
5772233
5772275
5772491
5772493
5772538
5772545
5772659
5772679
5772716
5772837
5773020
5773090
5773246
5773258
5773279
5773312
5773429
5773448
5773547
5773821
5773825
5773928
5774098
5774314
5774368
5774422
5774583
5774585
5774586
5774617
5774688
5774699
5774720
5774910
5774938
5774976
5775078
5775127
5775283
5775438
5775518
5775555
5775661
5775753
5775777
5775886
5775891
5775904
5776046
5776056
5776163
5776205
5776230
5776283
5776696
5776697
5776791
5776900
5776929
5777108
5777134
5777141
5777267
5777274
5777452
5777453
5777521
5777597
5777605
5777615
5777644
5777685
5778077
5778078
5778080
5778118
5778365
5778504
5778515
5778539
5778577
5778580
5778687
5778697
5778724
5778870
5778884
5778932
5779102
5779109
5779216
5779325
5779493
5779724
5779801
5779908
5779956
5780290
5780312
5780315
5780316
5780319
5780345
5780465
5780912
5780965
5781078
5781079
5781178
5781286
5781288
5781456
5781520
5781528
5781693
5781775
5781828
5781840
5781857
5781858
5781880
5781881
5781883
5781891
5782098
5782239
5782314
5782460
5782575
5782576
5782580
5782632
5782723
5782827
5782872
5782910
5782919
5782930
5782937
5782962
5783025
5783039
5783041
5783157
5783180
5783226
5783350
5783358
5783678
5783691
5783693
5783695
5783747
5783748
5783751
5783771
5783933
5783966
5783979
5783991
5784091
5784170
5784308
5784325
5784526
5784552
5784620
5784817
5784823
5784866
5784889
5785067
5785119
5785244
5785248
5785250
5785252
5785253
5785258
5785259
5785301
5785341
5785385
5785501
5785513
5785514
5785519
5785585
5785599
5785664
5785794
5785819
5785913
5785976
5786000
5786009
5786010
5786020
5786027
5786028